0
1
4
5
6
7
15
16
17
18
19
20
24
25
27
30
32
36
37
40
44
49
50
55
56
57
60
62
64
65
72
73
74
76
78
79
80
81
86
87
91
92
96
97
98
100
101
102
104
110
111
116
120
127
129
132
136
137
139
143
144
145
146
149
150
152
154
157
163
164
165
168
169
174
175
181
183
184
186
192
196
197
199
202
203
204
206
207
210
214
218
219
223
226
227
228
229
232
234
237
238
241
245
247
248
250
254
257
258
259
261
263
264
267
268
269
272
273
274
275
277
279
280
282
285
288
291
293
294
295
296
300
302
304
306
307
308
309
310
314
315
316
318
319
321
322
323
327
329
330
335
336
338
339
342
344
345
347
351
352
357
361
362
363
365
366
369
371
372
373
374
377
379
380
381
384
388
392
393
394
396
397
398
407
408
410
412
413
416
417
418
419
420
421
423
433
436
437
438
439
441
442
444
448
449
454
455
456
459
462
465
467
468
469
470
474
475
477
479
481
482
485
486
487
488
489
490
493
494
495
497
501
503
505
506
508
509
511
512
513
515
518
519
524
525
531
532
533
534
535
543
545
546
550
552
556
559
561
566
567
569
571
572
573
577
580
581
582
587
588
590
592
594
597
598
601
602
606
609
610
611
612
614
616
617
618
619
620
621
624
625
626
627
628
629
630
631
632
633
636
638
640
641
643
644
646
647
648
649
651
653
655
656
660
662
663
665
669
670
676
678
679
681
683
685
688
689
691
693
694
695
696
699
700
701
705
706
709
710
711
712
713
714
715
716
717
719
720
722
725
727
729
730
731
733
734
736
738
742
743
746
748
750
753
754
756
757
759
761
763
765
770
771
772
773
774
775
778
779
780
781
784
785
787
788
791
792
793
795
796
800
805
807
808
809
810
812
813
816
818
819
820
821
824
825
826
829
830
833
834
838
840
841
842
843
844
846
848
852
854
855
856
857
858
859
863
864
865
866
869
870
871
872
873
875
876
878
880
883
884
885
886
887
888
889
890
891
894
897
898
899
900
901
902
903
909
910
911
912
913
915
916
918
919
922
925
930
931
933
936
937
938
939
944
945
946
949
951
954
957
959
962
965
966
967
972
973
976
979
980
981
983
990
991
992
994
996
998
1001
1002
1003
1005
1006
1011
1017
1019
1020
1021
1023
1025
1026
1027
1028
1029
1030
1032
1034
1037
1038
1040
1046
1051
1052
1055
1057
1059
1060
1061
1063
1065
1066
1068
1070
1074
1076
1077
1079
1081
1082
1084
1086
1091
1093
1094
1095
1098
1099
1100
1105
1106
1107
1108
1109
1110
1111
1113
1115
1119
1122
1123
1124
1125
1126
1127
1129
1131
1132
1134
1135
1137
1140
1143
1144
1145
1148
1150
1153
1154
1155
1157
1158
1162
1164
1167
1168
1169
1172
1173
1174
1175
1176
1177
1178
1179
1180
1182
1183
1184
1186
1187
1189
1190
1194
1195
1201
1203
1207
1210
1211
1213
1216
1218
1220
1221
1223
1229
1230
1231
1234
1235
1247
1248
1250
1253
1255
1256
1260
1261
1263
1264
1265
1267
1268
1271
1274
1276
1279
1280
1287
1288
1290
1293
1296
1297
1299
1302
1303
1305
1306
1308
1310
1311
1312
1315
1316
1317
1318
1319
1321
1322
1324
1325
1326
1327
1328
1331
1333
1335
1337
1338
1339
1340
1343
1344
1345
1346
1347
1348
1350
1351
1353
1355
1359
1360
1368
1369
1370
1371
1372
1374
1377
1378
1383
1384
1386
1391
1392
1393
1396
1398
1399
1400
1402
1403
1404
1407
1408
1410
1414
1416
1423
1424
1426
1430
1431
1432
1434
1436
1437
1439
1441
1443
1450
1451
1457
1459
1460
1461
1463
1464
1465
1467
1470
1474
1475
1477
1479
1480
1482
1483
1486
1491
1492
1493
1494
1495
1496
1497
1499
1502
1504
1505
1506
1512
1513
1514
1515
1517
1520
1521
1525
1527
1530
1531
1534
1536
1538
1542
1544
1549
1557
1559
1560
1562
1563
1565
1566
1569
1570
1575
1578
1580
1581
1582
1583
1584
1586
1591
1595
1596
1598
1600
1601
1602
1605
1606
1607
1608
1612
1614
1616
1618
1619
1620
1621
1624
1626
1627
1631
1632
1633
1636
1640
1643
1644
1645
1651
1652
1655
1657
1659
1665
1666
1667
1669
1670
1673
1675
1678
1679
1683
1684
1685
1688
1689
1692
1693
1694
1695
1696
1697
1698
1700
1701
1702
1704
1706
1709
1710
1711
1712
1713
1715
1717
1720
1723
1726
1727
1729
1730
1731
1734
1735
1736
1738
1739
1744
1746
1755
1759
1762
1763
1764
1765
1766
1769
1772
1776
1777
1778
1779
1781
1783
1784
1785
1787
1788
1790
1791
1794
1795
1796
1797
1798
1799
1801
1803
1804
1805
1813
1814
1815
1817
1820
1821
1824
1825
1827
1828
1829
1831
1833
1834
1835
1836
1837
1841
1844
1846
1850
1852
1853
1859
1860
1861
1862
1864
1865
1867
1872
1876
1877
1878
1880
1881
1885
1886
1887
1889
1891
1895
1898
1899
1900
1905
1910
1911
1912
1913
1914
1917
1919
1920
1921
1924
1925
1926
1928
1929
1930
1933
1935
1937
1938
1940
1942
1943
1945
1949
1950
1952
1953
1955
1962
1968
1969
1970
1971
1972
1973
1976
1984
1985
1986
1989
1990
1991
1993
1994
1995
1997
2001
2002
2006
2009
2012
2015
2018
2019
2021
2023
2025
2026
2028
2030
2034
2036
2037
2038
2040
2041
2044
2046
2050
2051
2052
2054
2061
2062
2064
2068
2069
2070
2071
2073
2076
2078
2080
2082
2086
2087
2093
2095
2096
2097
2098
2101
2102
2103
2106
2108
2109
2110
2111
2114
2116
2117
2119
2120
2122
2124
2126
2128
2137
2139
2140
2141
2142
2143
2150
2151
2154
2156
2159
2160
2162
2164
2170
2171
2173
2175
2179
2183
2185
2186
2187
2188
2190
2192
2194
2197
2198
2199
2200
2203
2205
2207
2209
2210
2213
2214
2216
2218
2219
2221
2222
2223
2225
2226
2227
2228
2233
2234
2236
2238
2239
2240
2242
2243
2246
2247
2248
2251
2254
2255
2256
2260
2261
2262
2266
2267
2270
2271
2272
2275
2278
2279
2282
2285
2287
2290
2291
2292
2293
2297
2302
2306
2307
2308
2310
2311
2312
2313
2315
2318
2319
2320
2321
2322
2323
2324
2326
2329
2332
2333
2334
2338
2339
2341
2342
2345
2350
2351
2353
2357
2358
2359
2368
2371
2374
2375
2380
2382
2383
2384
2387
2390
2392
2396
2398
2399
2406
2410
2411
2412
2413
2414
2415
2416
2420
2422
2424
2426
2427
2428
2431
2432
2433
2441
2443
2445
2449
2450
2451
2452
2454
2457
2458
2459
2460
2461
2463
2464
2465
2466
2468
2471
2472
2476
2481
2482
2483
2484
2486
2487
2488
2490
2491
2492
2496
2497
2498
2499
2503
2507
2508
2512
2513
2519
2520
2521
2524
2525
2528
2529
2530
2532
2535
2536
2537
2538
2539
2540
2541
2544
2547
2548
2549
2550
2551
2552
2553
2554
2556
2559
2560
2561
2562
2563
2564
2566
2568
2573
2574
2576
2579
2580
2581
2582
2583
2586
2590
2592
2593
2594
2595
2596
2597
2598
2599
2600
2601
2605
2606
2608
2610
2611
2612
2613
2616
2617
2618
2619
2620
2622
2624
2625
2626
2627
2629
2630
2631
2633
2636
2637
2638
2641
2642
2644
2646
2647
2648
2649
2650
2651
2654
2656
2657
2660
2661
2663
2666
2669
2671
2672
2675
2677
2681
2683
2685
2686
2687
2689
2692
2693
2699
2701
2702
2703
2704
2705
2706
2707
2710
2713
2714
2715
2716
2717
2720
2726
2727
2728
2729
2731
2734
2737
2739
2743
2745
2747
2748
2749
2750
2753
2754
2756
2758
2759
2760
2761
2762
2764
2765
2769
2774
2775
2777
2778
2780
2782
2784
2785
2786
2788
2790
2793
2794
2795
2798
2799
2800
2802
2804
2805
2806
2810
2814
2815
2817
2818
2822
2824
2829
2830
2831
2834
2836
2837
2838
2840
2841
2842
2843
2844
2847
2848
2849
2852
2856
2858
2859
2861
2862
2870
2872
2875
2879
2880
2881
2884
2887
2888
2892
2893
2894
2895
2896
2897
2898
2899
2900
2901
2902
2906
2908
2912
2913
2914
2917
2919
2921
2922
2924
2933
2934
2938
2941
2946
2947
2948
2950
2951
2952
2953
2954
2955
2958
2959
2960
2964
2966
2967
2969
2975
2976
2977
2979
2981
2982
2984
2985
2987
2988
2989
2993
2994
2995
2996
2998
